0.00000
0.00020
0.00079
0.00177
0.00313
0.00486
0.00696
0.00943
0.01225
0.01543
0.01895
0.02281
0.02702
0.03155
0.03640
0.04158
0.04708
0.05288
0.05899
0.06541
0.07212
0.07912
0.08641
0.09399
0.10184
0.10997
0.11836
0.12703
0.13595
0.14514
0.15458
0.16427
0.17420
0.18438
0.19480
0.20545
0.21633
0.22745
0.23878
0.25034
0.26211
0.27410
0.28630
0.29871
0.31129
0.32373
0.33597
0.34799
0.35980
0.37140
0.38277
0.39392
0.40484
0.41554
0.42599
0.43621
0.44619
0.45592
0.46540
0.47463
0.48360
0.49231
0.50075
0.50892
0.51682
0.52445
0.53178
0.53884
0.54560
0.55206
0.55822
0.56408
0.56963
0.57486
0.57977
0.58436
0.58862
0.59254
0.59612
0.59935
0.60224
0.60476
0.60693
0.60872
0.61015
0.61119
0.61185
0.61211
0.61208
0.61192
0.61166
0.61128
0.61078
0.61018
0.60946
0.60863
0.60769
0.60664
0.60548
0.60420
0.60282
0.60134
0.59974
0.59803
0.59622
0.59430
0.59228
0.59015
0.58791
0.58557
0.58313
0.58058
0.57792
0.57517
0.57231
0.56935
0.56629
0.56313
0.55986
0.55650
0.55304
0.54947
0.54581
0.54205
0.53820
0.53424
0.53019
0.52604
0.52179
0.51745
0.51302
0.50848
0.50386
0.49914
0.49432
0.48942
0.48442
0.47932
0.47414
0.46886
0.46350
0.45804
0.45249
0.44685
0.44112
0.43530
0.42940
0.42340
0.41732
0.41115
0.40489
0.39855
0.39212
0.38560
0.37900
0.37231
0.36554
0.35868
0.35174
0.34472
0.33761
0.33042
0.32314
0.31579
0.30836
0.30109
0.29391
0.28682
0.27981
0.27289
0.26605
0.25930
0.25264
0.24607
0.23958
0.23318
0.22686
0.22063
0.21449
0.20844
0.20247
0.19659
0.19079
0.18509
0.17947
0.17393
0.16848
0.16312
0.15785
0.15266
0.14756
0.14254
0.13762
0.13277
0.12802
0.12335
0.11877
0.11428
0.10987
0.10555
0.10131
0.09717
0.09311
0.08913
0.08524
0.08144
0.07773
0.07410
0.07056
0.06711
0.06374
0.06046
0.05726
0.05416
0.05114
0.04820
0.04535
0.04259
0.03992
0.03733
0.03483
0.03242
0.03009
0.02785
0.02569
0.02363
0.02165
0.01975
0.01795
0.01623
0.01459
0.01304
0.01158
0.01021
0.00892
0.00772
0.00661
0.00558
0.00464
0.00379
0.00302
0.00234
0.00175
0.00124
0.00082
0.00049
0.00024
0.00008
0.00001
0.00000
0.00000
0.00000
0.00000
0.00000
0.00000
0.00000
0.00000
0.00000
0.00000
0.00000
0.00000
0.00000
0.00000
0.00000
0.00000
0.00000
0.00000
0.00000
0.00000
0.00000
0.00000
0.00000
0.00000
0.00000
0.00000
0.00000
0.00000
0.00000
0.00000
0.00000
0.00000
0.00000
0.00000
0.00000
0.00000
0.00000
0.00000
0.00000
0.00000
0.00000
0.00000
0.00000
0.00000
0.00000
0.00000
0.00000
0.00000
0.00000
0.00000
0.00000
0.00000
0.00000
0.00000
0.00000
0.00000
0.00000
0.00000
0.00000
0.00000
0.00000
0.00000
0.00000
0.00000
0.00000
0.00000
0.00000
0.00000
0.00000
0.00000
0.00000
0.00000
0.00000
0.00000
0.00000
0.00000
0.00000
0.00000
0.00000
0.00000
0.00000
0.00000
0.00000
0.00000
0.00000
0.00000
0.00000
0.00000
0.00000
0.00000
0.00000
0.00000
0.00000
0.00000
0.00000
0.00000
0.00000
0.00000
0.00000
0.00000
0.00000
0.00000
0.00000
0.00000
0.00000
0.00000
0.00000
0.00000
0.00000
0.00000
0.00000
0.00000
0.00000
0.00000
0.00000
0.00000
0.00000
0.00000
0.00000
0.00000
0.00000
0.00000
0.00000
0.00000
0.00000
0.00000
0.00000
0.00000
0.00000
0.00000
0.00000
0.00000
0.00000
0.00000
0.00000
0.00000
0.00000
0.00000
0.00000
0.00000
0.00000
0.00000
0.00000
0.00000
0.00000
0.00000
0.00000
0.00000
0.00000
0.00000
0.00000
0.00000
0.00000
0.00000
0.00000
0.00000
0.00000
0.00000
0.00000
0.00000
0.00000
0.00000
0.00000
0.00000
0.00000
0.00000
0.00000
0.00000
0.00000
0.00000
0.00000
0.00000
0.00000
0.00000
0.00000
0.00000
0.00000
0.00000
0.00000
0.00000
0.00000
0.00000
0.00000
0.00000
0.00000
0.00000
0.00000
0.00000
0.00000
0.00000
0.00000
0.00000
0.00000
0.00000
0.00000
0.00000
0.00000
0.00000
0.00000
0.00000
0.00000
0.00000
0.00000
0.00000
0.00000
0.00000
0.00000
0.00000
0.00000
0.00000
0.00000
0.00000
0.00000
0.00000
0.00000
0.00000
0.00000
0.00000
0.00000
0.00000
0.00000
0.00000
0.00000
0.00000
0.00000
0.00000
0.00000
0.00000
0.00000
0.00000
0.00000
0.00000
0.00000
0.00000
0.00000
0.00000
0.00000
0.00000
0.00000
0.00000
0.00000
0.00000
0.00000
0.00000
0.00000
0.00000
0.00000
0.00000
0.00000
0.00000
0.00000
